Vertices ( 45 )
 0 0 0
 2.5 0 0
 2.5 2.5 0
 0 2.5 0
 0 0 2.5
 2.5 0 2.5
 0 2.5 2.5
 2.5 2.5 2.5
 5 0 0
 5 2.5 0
 5 0 2.5
 5 2.5 2.5
 2.5 5 0
 0 5 0
 0 5 2.5
 2.5 5 2.5
 5 5 0
 5 5 2.5
 0 0 5
 2.5 0 5
 0 2.5 5
 2.5 2.5 5
 5 0 5
 5 2.5 5
 0 5 5
 2.5 5 5
 5 5 5
 0 0 7.5
 2.5 0 7.5
 0 2.5 7.5
 2.5 2.5 7.5
 5 0 7.5
 5 2.5 7.5
 0 5 7.5
 2.5 5 7.5
 5 5 7.5
 0 0 10
 2.5 0 10
 0 2.5 10
 2.5 2.5 10
 5 0 10
 5 2.5 10
 0 5 10
 2.5 5 10
 5 5 10

Edges ( 180 ) 
 0 1
 1 2
 2 3
 3 0
 0 4
 4 5
 5 1
 3 6
 6 4
 6 7
 7 2
 7 5
 1 8
 8 9
 9 2
 5 10
 10 8
 7 11
 11 9
 11 10
 2 12
 12 13
 13 3
 13 14
 14 6
 14 15
 15 12
 15 7
 9 16
 16 12
 15 17
 17 16
 17 11
 4 18
 18 19
 19 5
 6 20
 20 18
 20 21
 21 7
 21 19
 19 22
 22 10
 21 23
 23 11
 23 22
 14 24
 24 20
 24 25
 25 15
 25 21
 25 26
 26 17
 26 23
 18 27
 27 28
 28 19
 20 29
 29 27
 29 30
 30 21
 30 28
 28 31
 31 22
 30 32
 32 23
 32 31
 24 33
 33 29
 33 34
 34 25
 34 30
 34 35
 35 26
 35 32
 27 36
 36 37
 37 28
 29 38
 38 36
 38 39
 39 30
 39 37
 37 40
 40 31
 39 41
 41 32
 41 40
 33 42
 42 38
 42 43
 43 34
 43 39
 43 44
 44 35
 44 41
 0 2
 0 5
 3 4
 3 7
 23 5
 4 7
 20 5
 5 8
 38 37
 22 5
 5 11
 18 5
 28 40
 24 21
 2 15
 10 23
 9 12
 15 16
 9 17
 2 14
 35 25
 30 19
 33 25
 7 19
 39 35
 30 43
 39 42
 2 8
 19 23
 14 20
 30 26
 15 21
 15 23
 12 3
 17 23
 21 26
 18 28
 20 27
 20 30
 14 3
 27 30
 28 22
 30 23
 28 41
 28 32
 39 40
 27 38
 25 30
 20 19
 14 7
 26 32
 30 35
 27 37
 2 11
 29 39
 2 4
 30 22
 20 4
 39 32
 32 40
 30 24
 33 38
 33 43
 20 7
 15 24
 43 35
 35 41
 39 44
 2 5
 23 7
 15 26
 30 33
 9 15
 12 14
 20 15
 18 30
 32 22
 39 28
 15 11
 9 10
 39 33
 20 33
 10 2
 27 39

Faces ( 232 ) 
  0 -7 -98
  7 8 -99
  -3 -11 -100
  100 -36 124
  -9 9 -102
  120 -95 -164
  15 16 -104
  104 -77 -80
  120 -162 92
  -12 17 -107
  176 88 -123
  173 -78 -83
  178 123 -17
  -11 -28 -111
  -15 -14 -124
  28 29 -113
  30 31 -114
  -19 -33 -115
  164 6 1
  151 -5 96
  172 -64 -67
  115 135 -3
  -40 40 -120
  173 139 -86
  -109 62 -85
  -143 148 -105
  169 -24 -22
  -41 43 -125
  46 47 -126
  -86 141 -88
  -50 50 -128
  25 27 -146
  129 -23 -22
  -53 53 -131
  -51 51 -132
  34 -57 -133
  57 58 -134
  38 -61 -135
  -146 24 9
  -59 59 -137
  62 63 -138
  64 65 -139
  67 118 -49
  -62 64 -141
  128 -44 -128
  115 145 10
  -71 71 -144
  -126 145 -160
  -168 121 -159
  -74 74 -147
  -72 72 -148
  55 -78 -149
  81 121 92
  59 -82 -151
  61 56 -118
  -101 44 -107
  -153 117 41
  85 86 -155
  -87 87 -156
  -179 -20 -150
  88 89 -158
  69 -92 -159
  -135 144 -118
  -165 149 -107
  93 94 -162
  -95 95 -163
  -93 93 -164
  -176 -19 19
  -4 -3 -97
  96 -2 -1
  97 -6 -5
  98 -5 -4
  99 -10 -8
  165 119 124
  101 11 -6
  176 158 92
  103 -13 -7
  -143 75 -80
  122 90 92
  106 19 -16
  164 103 -124
  -142 82 83
  -176 -14 -17
  110 26 -21
  123 -13 1
  112 -21 -15
  113 29 -27
  114 31 -29
  164 -98 96
  20 129 -3
  -141 108 -156
  -170 129 -136
  119 35 -12
  -141 139 86
  -81 104 -83
  -180 148 -83
  -136 -24 22
  124 45 -42
  125 -37 -25
  120 162 -86
  127 39 -28
  151 101 10
  159 -10 36
  130 44 -33
  131 53 -44
  132 -56 -55
  133 -55 -38
  134 -60 -58
  -136 24 -8
  136 61 -56
  137 -42 -57
  138 -44 -61
  165 -40 43
  140 66 -63
  166 -132 -128
  153 101 -160
  143 60 -51
  44 -18 -166
  -148 121 161
  146 65 -54
  147 74 -65
  148 -77 -76
  118 -71 -70
  150 -81 -79
  -172 34 -118
  -15 -19 -150
  138 -125 -118
  154 -65 -82
  155 84 -67
  -171 159 -28
  157 -79 -69
  158 -91 -89
  105 -36 41
  -111 149 -175
  161 -73 -92
  162 86 -75
  163 95 -86
  170 160 47
  116 -71 72
  -46 100 -106
  81 147 -121
  42 -16 -106
  107 -36 -35
  -48 109 -39
  37 171 -135
  -160 144 -120
  -127 60 131
  153 -9 36
  -127 147 73
  -43 -46 -112
  -157 60 -110
  81 61 -174
  -171 38 -128
  173 108 -142
  133 136 -135
  -180 55 -174
  -31 174 -33
  166 52 -31
  101 -100 98
  -146 135 99
  172 -46 -66
  102 -6 -154
  -153 138 45
  -180 -59 150
  58 142 -79
  166 53 -129
  109 -51 -49
  168 -111 -15
  -157 -144 -49
  20 169 -116
  -155 120 74
  166 -52 49
  -103 159 11
  -148 -144 -117
  -168 -72 -70
  -161 -50 -49
  174 -18 -28
  61 137 -153
  170 -26 125
  -179 -16 -165
  100 -12 -166
  -176 14 -179
  164 -6 -152
  -168 156 67
  -178 -48 67
  -129 30 130
  -145 38 40
  81 167 -177
  -129 174 -45
  134 167 -178
  -160 38 39
  -127 138 -54
  168 113 -29
  102 -36 -145
  168 26 -113
  -151 -69 -177
  -65 152 -173
  -141 137 -173
  37 34 -145
  128 165 -28
  108 -84 77
  -155 173 140
  -150 -11 17
  -112 -20 -45
  -108 -34 5
  37 -34 -154
  -58 177 68
  -180 136 -82
  -111 115 25
  26 169 25
  -180 142 80
  -140 108 -88
  111 100 15
  -172 132 -62
  -81 -90 -123
  54 136 -172
  -168 -144 -119
  -65 126 146
  59 167 68
  176 157 80
  37 107 -103
  -165 -11 11
  151 -99 -3
  -161 127 -110
  134 156 47
  168 30 -115
  -122 -72 -92
  117 -41 -61
  -127 -144 51
  -161 -26 46
  -74 116 51
  168 174 18

Locations ( 232 ) 
 e e i i i i e e i i i i i i e e e e i i e i i i e i e f e e
 i i e e f e e i i i e i e i i i i i i e i e i i i i i i e i
 e e i i e e e e e e e e i i i i e e e i i e e i e e e e i e
 i i i i e i e f e i i i i e f e e i e i e i i i i i i i i e
 i e e i i i i i e i e e e i e e e i e i i e e f i i i e i e
 i i i i i i i e i i e i i i e i f i i i i e i i i e i i i i
 i i i i e i f i i i i i i i i i i i f i e i i e e e e i i e
 i i i i e i i i i i i i i i i i i i i e e i 
 